0 temp 999.000000 999.000000 999
1 ±ùºì²è 23.000000 44.000000 21
2 ÂÌ²è 2.000000 4.000000 123
3 ¹ûÁ£³È 3.000000 5.000000 100
0 temp 999.000000 999.000000 999
5 Æ»¹û 23.000000 222.000000 123
0 temp 999.000000 999.000000 999
0 temp 999.000000 999.000000 999
0 temp 999.000000 999.000000 999
0 temp 999.000000 999.000000 999
0 temp 999.000000 999.000000 999
0 temp 999.000000 999.000000 999
0 temp 999.000000 999.000000 999
0 temp 999.000000 999.000000 999
0 temp 999.000000 999.000000 999
0 temp 999.000000 999.000000 999
0 temp 999.000000 999.000000 999
0 temp 999.000000 999.000000 999
0 temp 999.000000 999.000000 999
0 temp 999.000000 999.000000 999
0 temp 999.000000 999.000000 999
0 temp 999.000000 999.000000 999
0 temp 999.000000 999.000000 999
0 temp 999.000000 999.000000 999
0 temp 999.000000 999.000000 999
0 temp 999.000000 999.000000 999
0 temp 999.000000 999.000000 999
0 temp 999.000000 999.000000 999
0 temp 999.000000 999.000000 999
0 temp 999.000000 999.000000 999
0 temp 999.000000 999.000000 999
0 temp 999.000000 999.000000 999
0 temp 999.000000 999.000000 999
0 temp 999.000000 999.000000 999
0 temp 999.000000 999.000000 999
0 temp 999.000000 999.000000 999
0 temp 999.000000 999.000000 999
0 temp 999.000000 999.000000 999
0 temp 999.000000 999.000000 999
0 temp 999.000000 999.000000 999
0 temp 999.000000 999.000000 999
0 temp 999.000000 999.000000 999
0 temp 999.000000 999.000000 999
0 temp 999.000000 999.000000 999
0 temp 999.000000 999.000000 999
0 temp 999.000000 999.000000 999
0 temp 999.000000 999.000000 999
0 temp 999.000000 999.000000 999
0 temp 999.000000 999.000000 999
0 temp 999.000000 999.000000 999
0 temp 999.000000 999.000000 999
0 temp 999.000000 999.000000 999
0 temp 999.000000 999.000000 999
0 temp 999.000000 999.000000 999
0 temp 999.000000 999.000000 999
0 temp 999.000000 999.000000 999
0 temp 999.000000 999.000000 999
0 temp 999.000000 999.000000 999
0 temp 999.000000 999.000000 999
0 temp 999.000000 999.000000 999
0 temp 999.000000 999.000000 999
0 temp 999.000000 999.000000 999
0 temp 999.000000 999.000000 999
0 temp 999.000000 999.000000 999
0 temp 999.000000 999.000000 999
0 temp 999.000000 999.000000 999
0 temp 999.000000 999.000000 999
0 temp 999.000000 999.000000 999
0 temp 999.000000 999.000000 999
0 temp 999.000000 999.000000 999
0 temp 999.000000 999.000000 999
0 temp 999.000000 999.000000 999
0 temp 999.000000 999.000000 999
0 temp 999.000000 999.000000 999
0 temp 999.000000 999.000000 999
0 temp 999.000000 999.000000 999
0 temp 999.000000 999.000000 999
0 temp 999.000000 999.000000 999
0 temp 999.000000 999.000000 999
0 temp 999.000000 999.000000 999
0 temp 999.000000 999.000000 999
0 temp 999.000000 999.000000 999
0 temp 999.000000 999.000000 999
0 temp 999.000000 999.000000 999
0 temp 999.000000 999.000000 999
0 temp 999.000000 999.000000 999
0 temp 999.000000 999.000000 999
0 temp 999.000000 999.000000 999
0 temp 999.000000 999.000000 999
0 temp 999.000000 999.000000 999
0 temp 999.000000 999.000000 999
0 temp 999.000000 999.000000 999
0 temp 999.000000 999.000000 999
0 temp 999.000000 999.000000 999
0 temp 999.000000 999.000000 999
0 temp 999.000000 999.000000 999
0 temp 999.000000 999.000000 999
0 temp 999.000000 999.000000 999
0 temp 999.000000 999.000000 999
0 temp 999.000000 999.000000 999
0 temp 999.000000 999.000000 999
